718275616867116274115267116267755673717356755655116162586126655677566511717368587352666662675811655267587652585611576873115856675673526526717673716874561171736858735266666267582711
547356527556551153821158766255681177526711736874747666115267551157627374751173566556527456551162671132424232251171827561686711615274115211555674625867117161626568746871618211756152751156667161527462835674115468555611735652555253626562758225116768755253658211767462675811746258676257625452677511786162755674715254562711
6275117173687762555674115468677475737654757411756152751156675253655611546556527311717368587352666662675811686711536875611174665265651152675511655273585611745452655674271184333786
7182756168671157565275767356741152115582675266625411758271561174827475566611526755115276756866527562541166566668738211665267525856665667752711
62751174767171687375741166766575627165561171736858735266666267581171527352556258667425116267546576556267581168536356547526687362566775565525116266715673527562775625115776675475626867526511526755117173685456557673526525115267551161527411521165527358561152675511546866717356615667746277561174755267555273551165625373527382271184333886
7182756168671162677556737173567556737411527356115277526265525365561157687311665267821168715673527562675811748274755666742711
547182756168672511756156117356575673566754561162667165566656677552756268671168571171827561686725116274116871566711746876735456117468577578527356843341861152675511615274115211546866667667627582265352745655115556775665687166566775116668555665251152741155681167565273658211526565116857116275741177527362526775116266716556665667755275626867742711
54718275616867116274116652675258565511538211756156116768672671736857627511718275616867117468577578527356115768766755527562686727
71827561686711785274115468675456627756551162671175615611655275561132424131742511843342861152675511627574116266716556665667755275626867115356585267116267115556545666535673113242414211843431861153821158766255681177526711736874747666115275115456677573766611786274647667555611171162675768736652756254521121547862221162671175615611675675615673655267557411527411521174765454567474687311756811756156115253541165526758765258561121627574566557116267747162735655115382117456756522118434328627
627511627411545271525365561168571156815456717562686711615267556562675811526755116267755673575254626758117862756111756156115266685653521168715673527562675811748274755666271184388611
775267117368747476661173566652626774117182756168671874117173626754627152651152767561687327116162741154686775626776626758115456677573526511736865561162671171827561686718741155567756656871665667751162741173565765565475565511626711756156117562756556115862775667117568116162661153821175615611718275616867115468666676676275824311535667567768655667751155625475527568731157687311656257561121535557652227
718275616867113327311178527411735665565274565511686711323711685475685356731133313131115267551161525511665267821166526368731167567811575652757673567425116267546576556267581152115482546556265556755654756267581158527353525856115468656556547568731152675511747671716873751157687311766762546855562711
786275611175616274117356655652745625117561561155567756656871665667751171736854567474115356545266561166687356117573526774715273566775115267551154686666766762758226535254645655271184343486
718275616867113427311121626762756252656582115452656556551171827561686711343131311168731171823464221178527411735665565274565511686711341155565456665356731133313141115257755673115211656867581175567475626758117156736268552711
627511627411521166526368731173567762746268671168571175615611655267587652585611756152751162741167687511546866716556755665821153525464785273552654686671527562536556117862756111717356776268767411775673746268677427118434358611
616878567756732511665267821168571162757411665263687311575652757673567411615277561153565667115352546471687375565511756811756156117182756168671133273727811184343686115267551133273827811177567374626867117456736256742511526755117356655652745674116857117182756168671134116267546576555611756156113375683411767562656275822511786162546111527675686652755674117561561175735267746552756268671168571171827561686711331154685556117568117182756168671134271184343786

746876735456431178626462715655625227546866